Kamera Odası
X: 247.323303
Y: 1859.631591
Z: 14.084012
KULE
X:165.406768
Y:1849.665771
Z:25.498508
KULE2
X:233.151565
Y:1935.087280
Z:25.698508
Klübe
X: 211.326721
Y: 1810.927978
Z: 21.867178